,V1,V2,V3,V4,V5,V6,V7,V8
V1,1.0,0.8917407212230961,0.8973520905128841,0.8030083831026706,0.8243503713805842,0.5390574615155008,0.48852160293816665,0.35620482597187625
V2,0.8917407212230961,1.0,0.8976428592625931,0.7708608202830932,0.8533721171540084,0.5144835233268038,0.4501519274217867,0.32561477325303884
V3,0.8973520905128841,0.8976428592625931,1.0,0.8172680682140486,0.8248429724880636,0.5106899738038982,0.44242590332678877,0.34357816469167923
V4,0.8030083831026706,0.7708608202830932,0.8172680682140486,1.0,0.7410250297797363,0.567026665596338,0.4570444339284287,0.3761569665532824
V5,0.8243503713805842,0.8533721171540084,0.8248429724880636,0.7410250297797363,1.0,0.4891196897792851,0.435507094533232,0.3470976658313644
V6,0.5390574615155008,0.5144835233268038,0.5106899738038982,0.567026665596338,0.4891196897792851,1.0,0.6182097124684798,0.5671041952472975
V7,0.48852160293816665,0.4501519274217867,0.44242590332678877,0.4570444339284287,0.435507094533232,0.6182097124684798,1.0,0.6273690311864965
V8,0.35620482597187625,0.32561477325303884,0.34357816469167923,0.3761569665532824,0.3470976658313644,0.5671041952472975,0.6273690311864965,1.0
